1
2
3
4
5
6
5
7
5
8
4
9
10
9
11
9
12
4
13
14
13
15
13
16
4
17
18
17
19
17
20
4
21
22
23
24
25
26
27
28
24
29
30
31
32
33
34
35
36
22
23
37
38
29
39
34
35
40
41
40
42
24
43
34
35
44
4
45
46
47
40
41
48
48
49
45
46
47
50
45
51
4
52
53
52
54
52
55
56
4
57
58
57
59
60
57
61
4
62
63
64
62
65
62
66
4
67
68
67
69
70
67
71
72
4
73
74
73
75
76
73
77
4
78
79
78
80
81
78
82
4
83
84
85
83
86
87
88
89
90
91
92
93
94
95
96
97
98
99
87
88
100
101
102
83
103
4
104
92
105
104
106
97
98
107
108
107
109
97
98
63
110
111
112
113
90
114
91
115
116
107
108
117
117
118
115
116
119
120
104
121
4
122
123
93
94
124
125
126
127
128
111
112
100
129
130
123
122
131
126
127
132
133
132
134
126
127
135
136
123
137
138
139
4
132
133
140
140
141
137
138
142
141
143
141
144
4
145
146
145
147
148
149
150
145
151
4
152
26
27
153
154
153
29
155
156
157
158
159
160
161
148
149
37
162
163
164
165
29
166
167
168
169
159
160
170
153
171
4
172
173
174
172
175
159
160
176
177
178
179
180
177
46
47
172
173
181
181
46
47
182
183
184
185
177
186
187
4
188
189
190
188
191
189
192
193
191
194
188
195
4
196
197
196
198
198
199
200
191
201
196
198
202
203
4
191
204
205
204
206
204
207
4
208
209
208
210
211
212
213
214
208
215
4
216
217
218
219
220
217
218
221
222
223
224
225
223
224
223
221
226
227
227
228
217
227
229
230
4
226
226
226
231
227
232
231
225
225
223
222
233
219
221
224
229
224
229
210
234
211
234
211
235
236
237
212
233
238
26
27
239
233
240
231
241
4
242
243
242
92
244
245
246
247
248
249
250
251
252
253
253
254
255
255
256
257
258
259
236
237
37
92
260
251
252
261
262
261
263
251
252
115
116
261
262
264
264
265
115
242
116
266
4
267
268
269
270
268
271
268
272
4
273
274
273
253
275
253
253
276
277
278
253
253
279
280
273
281
282
282
283
4
284
285
286
285
287
255
288
255
255
289
285
290
4
291
255
255
292
282
282
293
294
293
295
296
297
293
298
4
239
299
300
299
301
302
299
303
4
304
305
304
306
304
307
308
4
309
310
311
312
313
314
315
316
90
91
317
26
27
318
312
122
93
94
319
320
321
322
323
310
311
100
324
122
325
321
322
29
326
312
327
4
328
329
30
31
330
331
332
333
334
314
315
37
335
336
328
337
321
322
338
336
339
340
341
29
342
332
333
137
138
343
26
27
328
329
344
344
137
138
345
346
345
347
332
333
348
336
92
349
4
350
351
352
353
354
340
341
37
355
46
47
345
346
356
356
357
46
47
92
358
357
359
352
353
360
361
362
360
352
353
115
116
360
361
363
363
115
116
364
365
366
367
26
27
368
357
122
369
4
370
371
372
373
374
375
376
377
378
379
379
380
381
381
382
383
370
384
385
365
366
37
122
379
386
377
378
387
379
379
388
389
388
390
377
378
391
379
379
392
282
282
137
138
388
389
393
393
394
370
137
138
395
4
381
396
397
381
381
398
396
399
381
381
400
282
282
401
396
402
4
403
404
403
405
403
406
4
407
408
407
409
407
410
4
411
412
411
413
411
414
4
415
416
417
418
415
417
419
420
421
422
423
424
425
417
426
427
428
429
430
422
423
431
424
431
432
424
425
433
434
434
435
424
425
417
436
437
438
434
439
192
440
436
441
442
442
419
415
443
415
422
423
444
445
442
426
427
428
429
446
422
423
447
444
448
449
447
450
444
445
451
452
452
453
444
445
442
454
436
437
455
452
454
192
456
436
449
419
457
415
458
459
415
460
461
462
422
423
463
464
449
426
427
462
465
466
422
423
467
463
461
468
467
469
463
464
470
471
471
472
463
464
449
473
436
437
474
471
454
473
475
436
476
477
478
422
423
461
479
480
481
482
478
483
462
465
484
422
423
485
481
486
487
481
482
479
488
489
490
491
486
490
485
492
481
482
493
485
486
494
486
495
494
496
497
498
495
499
500
501
502
503
504
490
491
505
496
506
502
503
507
508
507
509
502
503
510
46
47
507
508
511
511
46
47
512
415
513
415
514
515
415
516
4
517
518
517
519
520
521
522
26
27
29
523
524
525
526
527
528
529
530
531
531
532
532
533
534
535
517
536
4
537
537
538
539
520
521
37
540
29
541
540
542
529
530
531
543
531
531
544
545
544
546
529
530
547
531
531
548
282
282
115
116
549
544
545
550
550
115
116
532
551
540
552
532
532
553
4
554
555
556
532
532
557
555
558
559
282
282
537
560
537
537
561
562
563
555
564
4
254
565
566
254
567
567
568
569
254
570
4
258
571
258
572
573
574
258
575
4
259
576
259
577
578
579
580
26
27
581
259
582
4
92
279
354
583
354
523
524
525
526
584
284
585
586
587
588
588
589
589
590
591
592
592
593
594
578
579
37
92
537
595
586
587
596
537
537
597
598
599
597
586
587
295
600
137
138
597
598
601
601
602
603
604
137
138
605
26
27
122
371
372
606
607
608
609
610
611
612
612
613
614
614
615
616
617
618
354
619
4
620
621
603
604
37
380
122
622
380
623
610
611
617
468
624
625
626
610
611
627
624
628
629
630
631
26
27
46
47
493
624
625
632
632
46
47
633
380
634
4
29
635
384
636
497
498
637
638
639
640
641
642
643
643
644
645
646
647
384
422
423
510
629
630
37
617
648
649
650
651
478
483
462
465
652
29
653
641
642
422
423
654
655
656
650
654
657
641
642
656
658
650
651
648
115
116
659
384
660
661
662
654
655
663
663
664
4
661
665
650
651
115
116
385
493
666
385
667
497
498
668
669
670
671
672
661
662
673
667
674
670
671
675
676
675
677
670
671
678
385
679
4
137
138
533
675
676
680
680
681
533
137
138
682
533
683
4
538
684
538
643
685
643
643
686
687
538
688
4
539
689
539
690
539
691
4
590
692
590
693
590
694
4
695
696
697
593
698
699
26
27
700
593
92
701
702
703
704
705
706
707
696
697
37
708
92
709
705
706
710
593
711
4
712
713
594
714
712
705
706
715
594
716
717
718
719
26
27
46
47
712
713
720
720
721
722
46
47
723
724
725
594
726
727
4
726
728
122
613
729
613
636
730
731
724
732
733
734
735
736
737
738
738
739
740
741
742
717
718
37
122
743
735
736
744
745
744
746
735
736
643
747
643
643
115
116
744
745
748
748
749
750
751
752
643
643
115
116
753
282
282
754
26
27
537
755
613
29
756
537
537
757
4
758
759
760
761
762
763
764
750
751
37
765
620
766
767
768
769
620
29
770
90
91
771
762
763
772
773
774
537
537
92
772
775
282
282
776
762
763
93
94
777
778
779
780
781
767
768
100
782
588
783
588
588
137
138
772
773
784
784
92
137
138
785
779
780
786
787
786
788
779
780
46
47
786
787
789
789
46
47
790
588
588
791
282
282
589
792
589
589
793
620
794
795
4
621
796
621
797
798
549
799
800
801
801
802
803
589
589
804
282
282
805
621
806
4
592
644
807
592
592
808
644
809
810
592
592
811
282
282
612
812
644
813
4
814
612
612
737
815
737
816
612
612
817
282
282
818
737
819
4
614
741
820
614
614
821
741
822
614
614
823
282
282
738
824
738
738
825
741
826
4
742
827
742
828
829
830
831
738
738
832
282
282
833
26
27
122
758
759
834
835
836
837
838
829
830
37
839
122
840
836
837
841
842
841
843
836
837
115
116
841
842
844
844
115
116
845
742
846
4
847
848
849
850
851
852
853
854
198
191
198
473
855
191
856
857
858
858
859
860
861
862
859
863
864
90
91
865
191
29
859
866
93
94
867
868
869
870
871
861
862
100
872
191
29
873
869
870
874
875
874
876
869
870
137
138
874
875
877
877
137
138
878
879
880
881
26
27
92
523
524
525
526
882
883
884
885
886
886
887
887
888
889
890
890
891
892
879
880
37
92
893
884
885
894
895
894
896
884
885
46
47
894
895
897
897
46
47
898
898
239
898
898
898
888
898
898
898
899
888
900
900
900
886
900
900
900
900
900
901
886
886
900
902
888
900
903
4
900
900
900
904
886
886
905
906
282
282
900
900
907
900
257
907
900
908
909
910
907
900
911
26
27
907
912
887
912
912
905
913
887
887
122
30
31
914
915
916
917
918
909
910
37
919
891
920
887
887
921
891
922
282
282
122
923
891
890
924
925
916
917
926
4
927
890
890
928
929
892
928
930
916
917
931
892
932
890
890
933
282
282
115
116
928
929
934
934
935
936
115
116
937
892
938
4
939
940
941
267
269
279
284
295
942
943
944
945
946
947
948
627
949
90
91
29
93
94
950
951
952
953
954
947
948
100
955
956
956
29
956
956
957
952
953
956
956
958
959
960
959
961
952
953
956
956
388
956
388
137
138
956
388
959
960
962
962
956
963
388
137
138
963
597
963
597
964
965
597
965
597
965
597
965
239
597
965
597
965
597
966
597
965
597
967
968
965
969
597
970
597
965
597
970
971
597
965
597
970
958
965
597
970
597
965
841
970
841
972
972
965
841
972
970
967
973
973
841
973
973
965
974
841
975
973
970
976
977
978
973
841
977
979
973
977
965
973
977
841
980
981
982
973
970
977
983
26
27
973
984
841
977
973
977
965
973
977
841
973
92
970
977
973
985
986
987
988
989
990
991
981
982
841
37
992
977
974
993
841
973
994
92
973
977
995
993
973
996
989
990
977
997
973
841
998
977
999
1000
1001
974
966
1000
1002
989
990
1003
1004
1005
841
1006
26
27
46
47
841
1000
1001
1007
1007
841
122
841
46
47
1008
1008
155
156
1009
1010
1011
1012
1013
1004
1005
37
1014
958
122
1015
1011
1012
1016
1017
1018
1016
1011
1012
115
116
1016
1017
1019
1019
115
116
1020
1021
1022
1023
1020
1022
1020
1022
1020
1022
1020
1022
1020
1022
1020
1022
1020
1022
1024
1024
1024
1024
1024
1024
1024
1025
1024
1024
1024
1024
1023
1024
1026
1024
1024
1027
1024
1028
1024
1024
1024
1029
1029
1023
1030
1031
1032
967
1033
1034
1035
1036
1037
1038
1039
1040
1041
1042
1043
1044
26
27
29
1045
1046
247
248
1047
1048
1049
1050
1051
1051
1052
1053
1053
1054
1042
1055
1056
1039
1040
37
468
29
1057
1049
1050
1058
1059
1058
1060
1049
1050
137
138
1058
1059
1061
1061
137
138
422
423
1042
1062
1063
1064
1065
478
483
462
465
1066
627
1051
422
423
1067
1051
1051
1068
1064
1068
1069
1064
1065
1070
1051
1051
1062
1071
282
282
1072
1073
1074
1075
1076
1077
1078
1079
1080
1081
1082
1083
1052
1084
1085
1085
1086
1064
1065
1073
1087
1052
1075
1077
1079
1081
1083
1042
1088
1089
1052
1090
4
493
1091
1053
1092
1093
1053
1053
1094
1095
1096
1097
1098
1099
1100
1055
1101
1102
1053
1053
1103
1104
282
282
1105
1106
1055
1098
947
1107
1055
436
1108
4
1056
1109
947
1110
1085
454
1111
1112
1113
1056
436
1114
1056
1115
4
964
1116
1117
1118
1119
90
91
92
93
94
1120
1121
1122
1123
1124
1117
1118
100
1125
92
1126
1122
1123
1008
1127
627
1008
1128
1122
1123
1129
1130
1131
1132
90
91
46
47
1008
1127
1133
1133
122
46
47
1134
1135
1136
1137
1138
1139
1140
1141
1142
1143
1143
1144
1144
1145
1145
1146
1147
1147
1130
1131
100
122
1148
1141
1142
1149
1150
1149
1151
1141
1142
115
116
1149
1150
1152
1152
115
116
1143
1153
1143
1143
1154
1143
1143
1155
282
282
1144
1156
1144
1144
1157
1144
1144
1158
282
282
1145
1159
1160
1145
1145
1161
1145
1145
1162
282
282
1147
1163
1147
1147
1164
1147
1147
1165
282
282
847
1166
1167
859
191
859
473
1168
191
1169
1170
1171
1172
26
27
1173
29
730
731
1174
1175
1176
1177
1178
1170
1171
37
1179
1173
1180
1181
191
29
1173
1182
1183
1176
1177
191
1184
1185
1184
1186
1187
1188
1189
1176
1177
1190
26
27
137
138
92
1184
1185
1191
1191
30
31
1192
1193
1194
1195
1196
1187
1188
37
1197
137
138
92
1198
1194
1195
1199
1200
1199
1201
1194
1195
46
47
1199
1200
1202
1202
46
47
1203
1204
1205
1206
26
27
122
523
524
525
526
1207
1208
1209
1210
1211
1211
1212
1212
1213
1214
565
1215
1215
1216
1217
1204
1205
37
122
1218
1209
1210
1219
1220
1219
1221
1209
1210
115
116
1219
1220
1222
1222
1213
115
116
1223
1213
1224
1213
1225
4
1211
1226
1211
1211
1216
1227
1211
1211
1228
282
282
1229
1216
1230
1216
1231
4
1217
1232
1217
1212
1233
1212
1212
1234
1212
1212
1235
282
282
1236
1217
1237
4
1215
1238
1215
1215
1239
1215
1215
1240
282
282
1241
1241
1242
1243
1244
1245
1246
90
91
29
93
94
1247
1248
1249
1250
1251
1244
1245
100
1252
29
1253
1249
1250
1254
1255
1254
1256
1249
1250
137
138
1254
1255
1257
1257
137
138
1258
1259
1260
1261
26
27
92
636
371
372
1262
1263
1264
1265
1266
1267
1268
1268
1269
1269
1270
1271
1272
1259
1260
37
92
1273
1266
1267
1274
1275
1276
1274
1277
1266
1267
1278
46
47
1279
1274
1275
1280
1280
1268
1281
1268
1268
46
47
1282
1283
1268
1268
1284
282
1285
282
1286
1287
1288
1289
1290
1269
1291
1269
1269
1292
1271
1293
1271
1294
1295
1269
1269
1296
282
282
1297
1271
1298
1299
4
1300
1301
1302
1272
1303
1304
1272
1305
1306
1272
1307
4
1308
1309
1310
1311
1312
1313
1314
1315
1316
1317
1318
1319
1320
1321
1322
1323
1324
1325
1326
1327
1328
1329
1330
1331
1332
1333
1334
26
27
1335
122
985
986
1336
1337
1338
1339
1340
1331
1332
37
1341
1342
1343
122
1344
1338
1339
1345
1346
1347
1346
1348
1338
1339
1349
115
116
1350
1346
1347
1351
1351
115
116
1352
1353
1354
1355
1356
1357
1358
1359
1360
1361
1362
1363
1364
1365
1366
1367
1368
1369
1370
1371
1372
1373
1374
1375
1376
1377
1378
1379
1380
1381
1382
1383
1384
1385
1386
1387
1388
1389
1390
1391
1392
1393
1394
1395
1396
1397
90
91
1398
29
1399
93
94
1400
1401
1402
1403
1404
1395
1396
100
1405
1406
1407
29
1408
1402
1403
1409
1410
1411
1410
1412
1402
1403
1413
137
138
1410
1411
1414
1414
1415
137
138
1416
1417
1418
1419
1420
1421
1422
1423
1424
1425
1426
1427
1428
1429
800
800
239
565
567
257
267
269
279
284
239
1430
797
967
627
1431
1432
1433
296
1434
26
27
92
758
759
1435
1436
1437
1438
1439
1440
1441
1441
1442
1443
1443
1444
1445
1446
1447
1432
1433
37
92
1448
1439
1440
1449
1450
1449
1451
1439
1440
1452
1453
1454
1455
26
46
47
27
1027
1449
1450
1456
1456
1457
1458
46
47
1442
1459
122
1460
1442
523
210
524
1461
1462
1463
1464
1465
1453
1454
37
1466
1467
1442
211
1468
4
212
1469
1470
1471
122
213
1472
90
91
1473
1474
1475
216
1476
1477
1463
1464
218
1478
26
27
1446
1479
1480
1481
1480
1482
1463
1464
219
218
1483
1446
221
222
1441
223
1484
1441
1441
224
29
225
115
116
1485
1446
1480
1481
223
1486
1486
1487
4
1488
1441
1441
93
94
1489
1490
1491
1492
1493
1470
1471
100
224
1447
1494
115
116
223
221
226
1495
282
282
227
1496
1447
227
29
227
229
1497
1491
1492
226
92
226
226
1498
1499
758
759
1500
1501
1502
1503
1504
1474
1475
37
1505
227
1498
225
225
1506
1491
1492
1443
223
1507
1443
1443
222
92
233
137
138
219
221
1508
1502
1503
224
1509
1443
1443
1510
1511
1512
282
282
1510
229
1513
1502
1503
224
1514
1447
229
210
1515
4
234
211
46
47
234
211
1516
212
233
233
627
1517
1518
1519
1520
1521
1517
1522
1523
1524
1498
1499
1525
1525
1510
1511
1526
1526
137
138
46
47
1527
561
239
1523
1528
296
1529
1530
1531
1532
1533
1530
1534
1535
1536
802
1537
1043
1538
1539
1540
1541
1540
167
1542
1541
1540
1541
1540
1543
1544
1545
1546
167
1547
1548
1549
1550
1551
1552
1553
1554
1555
1556
26
27
1557
122
1173
730
731
1558
1559
1560
1561
1562
1553
1554
37
1563
191
1173
473
1564
122
1565
1560
1561
191
1566
1567
1568
1566
1569
1560
1561
1570
1571
1572
1573
26
27
115
116
1566
1567
1574
1574
1575
115
116
29
247
248
1576
1577
1578
1579
1580
1571
1572
37
1581
29
1582
1583
1578
1579
1582
1584
1585
1586
1585
1587
1578
1579
191
1582
1588
137
138
1585
1586
1589
1589
191
137
138
239
257
267
269
279
284
627
1590
1591
1592
912
912
912
912
912
912
912
912
912
912
912
912
1593
1593
1593
1593
1593
1593
1593
1593
1594
905
1593
1593
1593
1593
1593
1593
627
1593
1593
905
1595
239
1594
1596
1597
1598
1599
1600
26
27
92
1601
1602
1603
1604
1605
1606
1607
1608
1609
1609
1610
1610
1611
1612
1613
1613
1614
1615
1598
1599
37
92
1616
1607
1608
1617
1618
1617
1619
1607
1608
46
47
1617
1618
1620
1620
46
47
1621
1622
1623
1624
1623
1624
1623
1624
167
1611
1625
1626
1611
1609
1627
1609
1609
1628
1611
1629
1609
1609
1630
4
1631
282
282
1632
1633
1634
1635
1632
1633
1614
1610
1636
1610
1610
1637
1614
1582
191
1638
1610
1610
1639
1614
1582
473
1640
1641
282
282
1642
4
1615
1613
1643
1615
191
1644
1613
1613
1645
1613
1613
1646
282
282
1647
1615
1648
4
1649
1649
1650
1651
191
1649
1652
191
1653
1654
1655
1656
26
27
122
1657
1658
1659
1660
1661
1661
1654
1655
37
1662
122
1663
1659
1660
1664
1665
1664
1666
1659
1660
115
116
1664
1665
1667
1667
1661
1668
1661
1661
115
116
1669
1661
1661
1670
282
282
1671
1672
1673
1674
26
27
239
29
973
977
523
524
525
526
1675
1676
1677
1678
1679
1679
1680
1680
1681
1682
1683
1683
1683
1683
1684
1684
1685
1686
1672
1673
37
1683
1683
1683
1683
993
29
1683
993
993
1687
1677
1678
993
993
993
1688
1689
1008
993
1683
1683
1688
1690
1677
1678
1683
1683
1683
1683
1691
1008
1691
137
138
974
1688
1689
1692
1692
966
137
138
1008
993
1008
257
993
1681
1008
1693
1681
993
1008
1694
1681
1695
4
993
1008
993
1008
1679
1696
1679
1679
993
1008
1697
1679
1679
993
1698
282
282
958
1685
993
1699
1685
1008
1700
1701
1685
1008
1702
4
1700
1686
1008
1703
1686
1680
1700
1704
1680
1680
1410
1700
1410
1705
1680
1680
1700
1706
1686
1707
1410
282
282
1708
4
1709
966
1684
1410
1710
1684
1684
1410
1410
1410
1410
1711
1684
1684
1410
1712
282
282
1410
1410
267
1410
1410
1410
1410
1410
1664
269
1664
1664
1664
1664
1664
1664
1664
958
1664
1664
1664
1664
1664
1664
1664
1664
1664
958
1029
1029
1029
295
1029
1029
1029
1029
1029
1029
1029
1029
296
1029
1029
1713
1713
1713
1023
1713
1714
1713
1713
1713
1715
1713
1713
1713
1713
1023
1713
1716
1713
1713
1023
239
1717
1718
257
1719
1720
600
1721
1722
1723
1724
90
91
1725
1726
1727
1728
1729
1730
92
1729
1731
1732
1733
1734
1735
1736
1736
1737
1737
1722
1723
100
1738
92
1739
1734
1735
1740
1741
1740
1742
1734
1735
46
47
1740
1741
1743
1743
46
47
1736
1744
1736
1736
1745
1736
1736
1746
282
282
1737
1747
1737
1737
1748
1737
1737
1749
282
282
998
1750
1751
1752
1753
26
27
1754
122
985
986
1755
1756
1757
1758
1759
1760
1761
1761
1762
1763
1764
1765
1766
1767
1768
1751
1752
37
1769
90
91
1732
122
1733
1770
1762
1759
1760
1732
1771
1762
1772
1773
1733
1772
1774
1759
29
1760
1775
1776
1762
1777
4
1778
1778
1732
1733
1767
1768
100
1779
115
116
1772
1773
1780
1780
29
115
116
1763
1781
1763
1782
1763
1783
4
1761
1784
1761
1761
1785
1761
1761
1786
282
282
1778
1787
1778
1778
1788
1778
1778
1789
282
282
998
296
1790
1791
279
284
295
1792
1793
1794
1795
1796
1797
1529
1798
1799
1800
1801
26
27
92
1045
1046
247
248
1802
1803
1804
1805
1806
1806
1807
1808
1808
1809
1810
1811
1799
1800
37
92
1812
1804
1805
1813
1814
1815
1816
1817
1813
1818
1804
1805
1819
26
27
137
138
1807
1813
1814
1820
1820
122
1821
1807
758
759
1822
1823
1824
1825
1826
1816
1817
37
1827
137
138
122
1828
1829
1824
1825
1830
1831
1832
1807
1833
1830
1834
1835
1824
1825
1836
1837
4
167
1838
1839
1840
1841
1842
26
27
46
47
1843
1830
1831
1844
1844
1845
29
1846
46
47
1810
701
702
1847
1833
1806
1848
1849
1850
1851
1839
1840
37
1852
1834
1853
1806
1806
1836
1854
1810
167
1855
29
1856
1806
1806
1857
1810
1858
282
282
1859
1849
1850
1860
4
1861
1862
1811
1861
1863
1849
1850
1864
1811
1865
1866
1808
1867
1868
1808
1808
115
116
1869
1861
1862
1870
1870
115
116
1649
191
1871
1872
1873
1874
1808
1808
1875
282
282
1649
473
1876
1877
26
27
1878
1879
191
1880
1811
1881
4
92
758
759
1882
1883
1884
1885
1886
1872
1873
37
1887
1888
92
1889
858
1890
1884
1885
1891
1892
1891
1893
1884
1885
137
138
1891
1892
1894
1894
137
138
1895
1895
1896
191
1895
1897
191
239
257
794
1898
1899
1900
1901
26
27
122
758
759
1902
1903
1904
1905
1906
1899
1900
37
1907
1908
122
1909
1904
1905
1910
1911
1910
1912
1904
1905
267
46
47
1910
1911
1913
1913
46
47
269
279
284
295
239
627
1529
1914
279
284
296
627
1915
1916
1917
1914
279
284
1536
1915
1918
1919
1920
1921
1922
1923
1924
1925
1926
1927
1928
1929
1930
1931
1932
1933
1934
1935
1936
1937
1938
1939
1940
1941
1942
1943
1944
1945
1946
1947
1948
1919
1949
1921
1950
1923
1951
1925
1952
1953
1954
1955
1956
1930
1933
1957
1958
1935
1959
1937
1960
1939
1961
1941
1942
1962
1963
1945
1964
1919
1965
1921
1966
1923
1967
1925
1968
1953
1969
1955
1970
1971
1972
1973
1935
1974
1975
1937
1939
1976
1977
1941
1942
1978
1979
1945
1980
1919
1981
1921
1923
1982
1925
1983
1984
1985
1986
1987
1953
167
1988
1989
1955
1990
1971
1991
1973
164
1992
1993
1994
1995
1996
1997
1998
1999
2000
2001
1939
2002
2003
2004
2005
2006
1941
2007
2008
1942
2009
2010
2011
1945
2012
2013
2014
1919
2015
2016
1921
2017
1923
2018
2019
1925
2020
1953
2021
2022
2023
2024
1955
2025
1971
1895
2026
2027
1973
2028
1994
191
1895
2026
2029
2030
1998
191
2031
2032
2033
2034
2035
1942
2036
1945
2037
2038
1919
2037
2039
1921
2040
191
2041
1923
2037
2042
2043
1925
191
2044
1953
2045
1955
2046
1971
2047
1973
2048
1994
2049
1998
2032
2050
2051
2034
2052
2053
2054
2055
2056
1919
1921
2057
2058
1923
2059
1925
2060
1953
1955
2061
2062
1971
2063
1973
2064
1994
2065
1998
2032
2066
2067
2034
2068
2053
2069
2055
2070
2071
2072
2073
26
27
2074
2075
29
2076
2077
2078
2079
2080
2081
2082
2082
2071
2072
37
2083
1923
2084
2085
1925
29
2086
2080
2081
2087
1953
2088
2089
2088
2090
2080
2081
1955
2091
115
116
2088
2089
2092
2092
2093
1971
115
116
2094
1973
239
2095
2096
2097
2098
26
27
2082
2099
2082
2082
2100
1994
92
2101
2082
2082
2102
1998
730
731
2103
2104
2105
2106
2107
2096
2097
37
2108
2109
2032
2110
282
282
92
2034
2111
2112
2105
2106
2113
2053
2114
2115
2114
2116
2105
2106
2117
2055
137
138
2114
2115
2118
2118
2075
2119
137
138
257
2120
2077
2121
2122
2123
2124
2125
1953
2126
1955
2127
1971
1973
2128
2129
1994
2130
1998
2131
2032
2132
2034
2133
2053
2055
2134
2135
2075
2136
2137
2077
2138
2122
2139
2124
2140
2141
2142
2143
1971
2144
1973
2145
59
2146
1994
2147
1998
2032
2148
2149
2034
2053
2150
2151
2055
2152
2075
2153
2077
2154
2122
2155
2124
2156
2141
267
2157
2143
269
2158
2159
2160
2161
2162
1994
2163
1998
2164
2032
2034
2165
2166
2053
2167
2055
279
2168
2075
284
2169
2077
2122
2170
239
2171
2124
2172
2141
296
2173
2174
2143
2159
2175
2176
2161
2177
2178
2179
2180
2181
2032
2182
2034
2183
2053
2055
2184
2075
2185
1714
1715
2186
2077
2122
2187
2188
2124
2141
2189
2190
2143
2191
2159
2161
2192
2193
2178
2194
2179
2195
2196
2197
2198
2199
2053
2200
2055
2075
2201
2202
2077
2203
2122
2204
2124
627
2141
2205
2206
2143
2207
2159
2208
2161
2209
2178
2210
2179
2211
2196
296
2212
2197
2213
2214
2215
2216
2217
2075
554
2077
2218
2219
2122
558
2124
2220
2221
2141
2222
2143
1536
2159
2223
279
802
2161
2224
284
2225
2178
2226
2179
2227
2196
2228
2197
2229
2214
2230
2231
2216
2232
2233
2234
2235
2236
2237
2122
2238
2124
2239
2141
2143
2240
2241
2159
2242
2161
2243
2178
2179
2244
279
2196
2245
284
2246
2197
2247
2214
295
2248
2216
565
2249
2233
565
2250
2236
2251
2252
2253
2254
2141
2255
2256
2143
2257
2159
2161
2258
2259
2178
2260
2179
2261
2196
2262
2197
2263
2214
2264
2216
2265
2233
2266
2236
2267
2252
2268
2254
2269
2270
2271
2272
2273
2159
2274
2161
2275
2178
2276
2179
2277
2196
2278
2197
2279
2214
2280
2216
2281
2233
2236
2282
2283
2252
2254
2284
2285
2270
2286
2272
2287
2288
2289
2290
2291
2178
2179
2292
2196
2293
2294
2197
2295
2214
2296
2216
2297
2233
2298
2236
2299
2300
2301
2252
2302
2303
26
27
2304
2254
122
2305
2270
701
702
2306
2307
2308
2309
2310
2300
2301
37
2311
2312
2272
2313
2288
122
2314
2308
2309
2289
2315
2316
2317
2316
2318
2308
2309
2319
2320
2321
2322
46
47
2196
2323
2324
2197
2214
2325
2326
2216
2327
2233
2328
2236
2329
2252
2330
2254
2331
2270
2332
2272
2333
2288
2334
2289
2335
2320
2336
2322
2337
2338
2339
2340
2341
2214
2342
2216
2233
2343
2236
2344
2345
2346
2252
2316
2317
2347
2347
2254
2348
46
47
2270
2349
2350
2272
2351
2288
2289
2352
2353
2320
2354
2322
2355
2337
2356
2340
2357
2358
2359
2360
1593
2233
2361
1593
1593
2362
2362
2363
2236
2362
2362
2362
2362
905
2364
2252
2362
2365
2254
2362
2362
2362
2362
2366
2270
2362
2362
2362
2362
2367
2368
2272
2367
2367
2367
2369
2288
2367
2367
2367
2367
2367
2370
2289
2367
2367
905
2371
2320
2372
2322
2373
2337
2340
2374
2375
2358
2376
2360
2377
2378
2379
2380
2381
2382
2383
2384
2385
2386
2387
2388
2389
2390
2391
2392
2393
2394
2395
2396
2397
2398
2399
2400
2401
2402
2403
2404
2405
2406
2407
2408
2409
2410
2411
2412
2413
2386
2388
2414
2415
2390
2392
2416
2417
2394
2418
2396
2398
2419
2420
2399
2421
2402
2422
2404
2423
2406
2424
2408
2425
2410
2426
2412
2427
2428
2429
2430
2431
2432
2433
2390
2434
2435
2436
2392
2437
2394
2438
2439
2396
2440
2398
2441
2442
2443
2399
2444
2445
2402
2446
2404
1290
2406
2447
1292
2448
2408
1294
2449
2410
2450
2412
1298
2451
2429
2452
2453
2431
2454
2455
2456
2457
2458
2459
2394
2460
2461
2462
2396
2463
2464
2398
1305
2465
2399
1308
2402
2466
2467
1309
2468
2404
2469
2469
2470
2406
2471
2467
1310
2472
2408
1311
2473
2410
2474
2412
1312
2475
2429
1313
2476
2431
1314
2477
2456
1315
2478
2459
2479
2480
1316
2481
2482
1317
2483
2398
1318
2484
2399
1319
2485
2402
1320
2486
2404
2487
2488
2406
2489
2408
2490
2491
2492
2410
2493
2494
2495
2496
2497
26
27
2498
2412
2499
2500
2429
29
1691
1326
636
2501
2502
2503
2504
2505
2506
2507
2508
2509
2509
2510
2510
2511
2512
2431
1691
1691
1691
1327
2513
2456
1691
2514
2515
2494
2495
37
1691
974
29
1328
2516
2459
2517
2507
2508
1691
1691
2518
2519
2520
2521
2522
1329
2523
2480
1691
2518
2524
2507
2508
2525
26
27
1691
2509
1691
2526
2482
2527
2509
2509
1691
1333
115
116
1691
2528
2529
2518
2519
2530
2530
1691
92
2531
2509
2509
115
116
1691
2532
2533
282
282
1691
2534
2535
523
524
525
526
2536
2537
2538
2539
2540
2540
2541
2541
2542
2543
2544
2544
2544
2545
2546
974
2402
2547
2547
2548
2549
2521
2522
37
92
2550
2551
2404
2510
2552
2538
2539
2553
2510
2510
2554
2406
2555
2556
2557
2556
2558
2538
2539
2559
2510
2510
2560
2408
2561
282
282
2562
137
138
2410
2563
2540
2556
2557
2564
2564
2565
2566
2540
2540
2412
2567
137
138
2568
2569
2429
2514
2570
2540
2540
2571
282
282
2572
2514
2573
2574
2431
2541
2575
2514
2576
2541
2541
2577
2578
2456
2579
4
1700
2580
2459
2581
1700
1700
1700
2582
2480
1700
2583
2541
2541
1700
2584
1700
2585
282
282
1700
1700
2586
2482
1700
2547
2587
966
2515
2529
2588
2589
2547
2547
1700
2590
2515
1700
2591
2535
2592
1700
2593
2594
2515
2593
2595
4
2596
2597
2593
2598
2542
2593
2599
2547
2547
2600
2601
2602
2593
282
282
2603
2542
2593
2604
2593
2605
2406
966
1664
1363
2606
2408
1664
1664
1910
2410
2607
1910
1364
1910
2608
2542
1910
2609
2412
2610
4
1910
1365
1910
2611
2548
2429
958
2612
2548
1910
1366
2431
2613
1910
1910
2614
2456
1367
1910
1910
2615
2459
1910
1368
2616
2616
2616
2616
2480
2617
2616
2616
2616
2616
1369
2482
2616
2618
2616
2616
2616
2619
2616
2529
2620
2548
1370
2616
2621
4
2616
958
2622
2535
2549
2616
1371
2623
2549
2616
2597
2624
2616
2625
2625
1372
2625
2626
2601
1713
2625
1713
2627
2628
1373
2625
1713
2629
2630
2625
1374
1713
2410
2631
2625
1375
1713
2632
2412
210
2625
1376
2633
2429
2634
211
212
2625
213
2635
2549
2634
1377
2636
2431
216
2637
4
2625
218
2634
2638
2456
219
2625
1378
218
221
2634
222
2459
2639
223
2625
224
225
2634
1379
223
2640
2480
2625
224
223
2634
221
958
1380
2641
2482
226
227
2634
227
227
2642
2529
229
226
1381
226
2634
226
2634
227
2634
2535
2643
225
1023
225
1382
223
2634
222
2644
2597
233
2634
219
2634
2634
1383
221
2634
2645
2601
2634
224
2634
229
2646
224
2646
229
2646
1384
2647
2627
210
2646
1023
234
211
2648
2630
234
1385
211
212
233
2649
2650
233
1386
2651
2652
1387
2653
2429
2654
2431
1388
2655
2456
1389
2656
2459
1390
2657
2480
1391
2658
2482
1392
2659
2529
2660
2535
1393
2661
2597
1398
2601
2662
2663
2627
1399
2664
2630
1406
2665
2650
1407
2666
2652
1409
2667
2668
1413
2669
2670
2671
2456
1415
2672
2459
1416
2480
2673
2674
1417
2482
2675
2529
1418
2676
2535
1419
2677
2597
1420
2678
2601
1421
2679
2627
1422
2680
2630
2681
2650
1423
2682
2652
1424
2683
2668
1425
2684
2670
1426
2685
2686
1427
2687
2688
1428
2480
2689
2690
2482
1429
2691
2529
2692
2693
2535
2694
2695
2597
2696
2697
2601
2627
2698
2630
2699
2650
2700
2701
2652
2702
2668
2703
2670
2704
2686
2705
2688
2706
2707
2708
2709
2529
2710
2711
2535
2471
2471
2712
2713
2714
2467
2715
2597
2712
2716
2601
2712
2717
2718
2627
2717
2719
2630
2712
2712
2720
2650
2714
2712
2712
2721
2652
2717
2717
2722
2668
2712
2712
2723
2670
2714
2712
2712
2724
2686
2717
2717
2712
2725
2688
2712
2714
2726
2707
2712
2712
2709
2727
2717
2717
2712
2728
2729
2712
2730
2731
2732
2597
2733
2601
2734
2627
2735
2630
2736
2650
2737
2652
59
2738
2668
2739
2670
2740
2686
2688
2741
2707
2742
2743
2709
2744
2729
2745
2746
2731
2747
2748
2749
2750
2751
2627
2752
2630
2753
2650
2754
2652
2668
2755
2756
2670
2686
2757
2688
2758
2759
2707
2760
2709
2761
2762
2763
2764
2729
2765
26
27
2766
2731
122
2767
2748
701
702
2768
2769
2770
2771
2772
2762
2763
37
2773
2774
2750
122
2775
2776
2777
2770
2771
2778
2779
2780
2781
2780
2782
2770
2771
2783
2650
2784
2785
2786
2787
26
27
46
47
2780
2788
2652
2781
2789
2789
46
47
2790
2668
29
2791
2792
2670
247
248
2793
2794
2795
2796
2797
2798
2799
2799
2800
2800
2801
2802
2803
2686
2804
2688
2805
2805
2806
2807
2785
2786
37
2808
29
2809
2707
2810
2797
2798
2811
2709
562
2812
2813
2812
2814
2797
2798
2815
2729
2799
2816
2731
2817
2799
2799
115
116
2812
2813
2818
2818
2819
2748
2820
2799
2799
115
116
2821
282
282
2822
2750
2823
2776
2824
2779
2825
2826
2800
2827
2800
2800
2828
2829
2801
2830
2668
2831
2801
2832
2833
2670
2834
2801
2835
4
2836
2800
2800
2837
2686
2838
282
282
2688
2839
2805
2840
2805
2805
2841
2707
2842
2709
2843
2729
2731
2844
2806
2845
2805
2805
2846
2748
2847
2806
2848
282
282
2849
2750
2850
2806
2851
4
2807
2852
2776
2853
2807
2854
2779
2855
2826
2856
2829
2857
2807
2858
4
2859
2860
2861
2862
2863
2686
2864
2688
2865
2707
2866
2709
2867
2729
2868
2731
2869
2870
2748
2871
2750
2872
2776
2873
2779
2874
2826
2829
2875
2876
2860
2877
2862
2878
2879
2880
2881
2707
2882
2883
2709
2729
2884
2885
2731
2886
2748
2750
2887
2776
2888
2889
2779
2890
2826
2891
2829
2892
2860
2893
2862
2894
2879
2895
2881
2896
2897
2898
2899
2900
2729
2901
2731
2748
2902
2903
2750
2904
2776
2905
2779
2906
2826
2907
2829
2908
2860
2862
2909
2910
2879
2911
2881
2897
2912
2913
2899
2914
2915
2916
2917
2918
2748
2919
2750
2920
2776
2921
2779
1833
2922
2923
2924
2925
2826
167
2926
2927
2829
2923
2924
2928
2860
2929
2862
2930
2879
2931
2932
2881
2933
2934
2935
2897
2936
2937
2899
2037
2938
2915
191
2939
2917
2037
2026
2940
2941
2942
191
2943
2944
2945
2776
2946
2779
2947
2948
2826
2949
2829
2860
2950
2951
2952
2862
2951
2953
191
2954
2879
2951
2955
2956
2881
191
2957
2897
2899
2958
2915
2959
2960
2917
2961
2942
2962
2944
2963
2964
2965
2966
2967
2826
2968
2829
2969
2860
2970
2862
2971
2879
2881
2972
2973
2897
2974
2899
2975
2915
2976
2917
2977
2942
2978
2944
2979
2980
2981
2982
2964
2983
26
27
2984
2985
2986
2966
92
2987
2988
2986
2989
2990
2991
2992
2993
2994
2995
2996
2996
2997
2997
2998
2998
2999
3000
3001
3002
2860
3003
2980
2981
37
3004
2862
239
92
3005
2879
3006
2994
2995
2616
3007
3008
2881
2616
3009
2994
2995
3010
2897
137
138
3011
2899
2616
3007
3012
3012
137
138
3013
2915
3003
3014
2917
3015
3003
3016
2942
3017
3003
3018
2944
3019
4
257
3020
2964
2966
3021
3022
2987
3023
3001
3024
3025
2996
3026
2996
2996
3027
3028
3029
2996
2996
3030
2879
3031
282
282
3032
3033
2881
3034
3035
3036
2897
3037
2899
3038
2915
2997
3039
2997
2997
3040
2917
3041
2942
3042
2997
2997
3043
282
282
3044
2944
2998
3045
2998
2998
2964
3046
267
2966
3047
269
2987
3048
3049
3001
3050
2998
3051
2998
3025
3052
282
282
3053
3028
3054
3055
3056
3057
3058
2897
279
2899
3059
284
3060
2915
3061
2917
3062
2942
3063
2944
3064
2964
3065
2966
3066
2987
239
3067
3001
3068
3025
3069
3028
3070
3055
3071
3057
3072
3073
3074
3075
1522
2915
3076
3077
2917
3078
2942
2944
3079
3080
2964
3081
2966
627
3082
2987
3083
3001
3084
3025
3085
3028
3086
3055
3057
3087
3088
3089
3090
3091
3072
3092
90
91
3093
3094
3075
1536
1536
3095
3096
122
802
3097
3098
636
3099
3100
3101
3102
3103
3104
3105
3106
3107
3107
3108
3108
3109
3110
2942
3089
3090
100
3111
2944
122
3112
3105
3106
3113
2964
3114
3115
3114
3116
3105
3106
3117
2966
3118
46
47
3119
2987
3114
3115
3120
3120
3107
3121
3107
3107
46
47
3122
3001
3123
3107
3107
3124
3125
282
3025
282
3126
3028
3127
3055
3128
3057
3129
3072
3108
3130
3108
3108
3131
3075
3132
3108
3108
3133
3096
3134
282
282
3135
3098
3136
3137
3138
3139
3140
3141
3142
3143
26
27
3144
2964
29
3145
2966
701
702
3146
3147
3148
3149
3150
3141
3142
37
3151
3152
3153
2987
3154
3001
29
3155
3156
3025
562
3157
3148
3149
1718
3158
3159
3160
3161
3028
3158
3162
3148
3149
3163
3055
3164
115
116
3158
3159
3165
3165
3166
3057
115
116
3167
3072
3168
3075
3169
3096
3170
3098
3171
3137
3172
3139
3173
3174
3175
3176
3177
2987
3178
3001
3179
3025
3180
3028
3181
3055
3182
3057
3183
3072
3184
3075
3185
3096
3098
3186
3187
3137
3188
3139
3189
3174
3190
3175
3191
3192
3193
3194
3195
3025
3196
3028
3197
3055
3057
3198
3199
3072
3200
3075
3201
3096
3202
3098
3203
3137
3204
3139
3205
3174
3206
3175
3207
3192
3208
3209
3210
3211
26
27
3212
3194
3213
3214
92
3215
3216
3217
3218
3219
3220
3221
3222
3223
3224
3225
3225
3226
3226
3227
3228
3229
3055
3230
3230
3231
3232
3209
3210
37
3233
3057
92
3234
3072
3235
3223
3224
3236
3075
3237
3238
3237
3239
3223
3224
3096
3240
3227
3241
3227
3242
3098
137
138
3237
3238
3243
3243
3244
3227
137
138
3245
3137
3246
4
3247
3139
3174
3248
3249
3175
3250
3192
3231
3251
3194
3252
3231
3253
3214
3254
3231
3255
4
3232
3256
3216
3257
3232
3258
3259
3260
3261
3262
3225
3263
3225
3225
567
3072
3264
3265
3232
3266
4
3267
3075
3268
3225
3225
3269
282
282
3270
3096
3271
3098
3272
3137
3273
3139
3274
3275
3174
3276
3277
3278
3279
3175
3226
3277
3280
3279
3192
3281
3226
3226
167
3282
3283
3194
3284
3226
3226
3285
282
282
3286
3214
3287
3230
3288
3289
3290
3230
3230
3216
3291
3292
3259
3293
3261
3294
3295
3296
3297
3230
3230
3298
3299
282
282
3300
3301
3302
3303
3304
3305
3096
3306
3307
3098
3308
3137
2951
191
3309
3139
2951
2026
3310
3311
3174
3312
3175
191
3313
3192
3314
3194
3315
3214
3316
3216
3259
3317
3318
3319
3261
3318
3320
3321
3296
191
3322
3301
3318
3323
3324
3325
191
3326
3327
3328
3137
3329
3139
3330
3174
3331
3175
3332
3192
3333
3194
3334
3214
3335
3216
3336
3259
3337
3261
3338
3296
3339
3301
3340
3325
3341
3327
3342
3343
3344
3345
3346
3174
3347
3175
3348
3192
3349
3194
3350
3214
3351
3216
3352
3259
3353
3261
3354
3296
3355
3301
3356
3325
3357
3327
3358
3343
239
3359
3345
3360
3361
3362
3363
3364
3192
3365
3194
3366
3367
3368
3369
3214
3370
26
27
3371
3216
122
3372
3259
3373
3261
3374
3375
2990
2991
3376
3377
3378
3379
3380
3380
3381
3382
3382
3383
257
3384
3296
3385
3385
3386
3367
3368
37
3387
3388
3301
122
3389
3378
3379
3390
3325
3391
3392
3393
3327
3391
3394
3378
3379
3395
3343
46
47
3396
3345
3391
3392
3397
3397
46
47
3398
3361
3399
3363
3400
3401
3402
3403
3404
3405
3406
3214
3407
3381
3216
3385
3408
3381
3409
3385
3385
3410
3259
267
3411
3381
3412
4
3413
3261
3414
3385
3385
269
3415
282
282
3416
3296
3417
3301
3418
3325
3419
3327
3380
3386
3420
3380
3380
3421
3343
3422
3386
3423
3345
3424
3380
3380
3425
3386
3426
282
282
3427
4
3382
3428
3361
3429
3382
3382
3430
3363
3431
3432
3401
279
3433
3434
3405
284
3435
3382
3382
3436
3437
282
282
3438
3439
3440
3441
3442
3443
3444
3445
3446
296
3447
3448
3259
3449
3450
3451
3452
3453
3261
3454
3455
3456
3457
3458
3459
3296
3460
1714
3461
3462
3463
3464
3465
1908
3466
3467
3301
3468
3469
3470
3471
3325
3472
3327
3473
3343
3474
3345
239
3475
3361
3476
3363
3477
3401
3405
3478
3479
3439
3480
3444
3481
3482
3483
3484
3485
3486
3296
3487
3488
3489
3301
3490
3491
3492
3493
3325
3494
3490
3495
3327
3491
3490
3496
3343
3491
3497
3498
3345
3499
3500
3361
3501
3502
3503
3363
3504
3401
3505
3405
3506
3507
3439
3508
3509
3444
257
3510
3482
3511
3512
3513
3484
3514
3515
3516
3517
3518
3519
3520
3521
3522
3325
3523
3524
3525
3327
3526
3343
3527
3527
3528
3345
3529
3361
3530
3363
3531
3401
3532
3405
3533
3439
1791
3444
3534
3535
3482
3536
3484
600
3537
3515
3538
3519
3539
3540
3541
3542
3543
3544
3343
276
802
3545
3345
3546
3547
3361
3548
3363
3549
3550
3401
3551
3405
3552
3439
3444
3553
3554
3482
3555
3484
3556
3515
627
3557
3519
3558
3559
3560
3561
3539
3562
90
91
3563
3542
3564
29
3565
3566
3567
3568
3569
3570
3571
3572
3573
3574
3575
3575
3576
3576
3577
3577
3578
3579
3580
3581
3361
3559
3560
100
3402
29
3582
3363
3583
3573
3574
3584
3401
3585
3586
3585
3587
3573
3574
3588
3405
115
116
3589
3439
3585
3586
3590
3590
3591
3444
115
116
3592
3482
3593
3484
3594
3515
3595
3519
3596
3539
3597
3542
3598
3566
3575
3599
3575
3575
55
3600
3580
3601
3575
3575
3602
282
282
3603
3604
3605
3606
3607
3401
3608
3405
3576
3609
3576
3576
3439
3610
3611
3444
3612
3482
3484
3613
3614
3515
1714
3615
3576
3576
3616
282
282
3617
3577
3618
3519
3619
3577
3577
3620
3539
3621
3542
3622
3577
3577
3623
282
282
3624
3566
3625
3580
3626
3604
3627
3606
3402
3628
3629
3630
3631
3632
3439
3633
3444
3634
3482
3635
3484
3636
3515
3637
3519
3638
3539
3639
3542
3640
3566
3641
3642
3643
3644
3645
90
91
3580
3563
3646
3604
92
3647
3606
3648
3567
3568
3649
3650
3651
3652
3653
3654
3655
3656
3657
3657
3658
3659
3629
3660
3660
3642
3643
100
3631
3661
92
3662
3653
3654
3663
3664
3665
3666
3667
3668
3665
3669
3653
3654
3670
3482
137
138
3665
3666
3671
3671
3672
3484
137
138
3673
3515
3657
3674
3657
3657
3675
3519
3676
3657
3657
3677
282
282
3678
3539
3679
3542
3680
3566
3681
3580
3682
3604
3683
3606
3684
3629
3655
3685
3655
3686
3631
3687
3655
3688
4
3689
3664
3690
3668
3691
3692
3660
3693
3660
3660
3694
3695
3696
3697
3515
3698
3660
3660
3656
3699
282
282
3700
3519
3701
3656
3702
3539
3703
3704
3705
3706
3656
3707
3542
3708
4
3709
26
27
3710
3566
122
3711
3580
523
524
525
526
3712
3713
3714
3715
3716
3716
3717
3717
3718
3719
3720
3604
3721
3606
3722
3722
3723
3724
3704
3705
37
3725
3629
122
3726
3714
3715
3727
3631
3728
3729
3728
3730
3714
3715
3731
3664
3732
3668
46
47
3728
3729
3733
3733
3734
3692
46
47
3735
3695
3736
3737
3716
3738
3739
3740
3716
3716
3741
3539
3742
3716
3716
3743
282
282
3744
3542
3718
3745
3718
3746
3566
3747
3580
3748
3718
3749
4
3750
3604
3751
3606
3752
3629
3753
3631
3723
3717
3754
3664
3755
3723
3756
3717
3717
3757
3668
3758
3723
3759
3260
4
3760
3761
3717
3717
3692
3724
3762
282
282
3318
3763
3724
3764
3695
3722
191
3765
3722
3722
3766
3737
3318
2026
3767
3768
3739
191
3769
3724
2367
3770
3771
3772
4
3773
3722
3722
2367
2367
3774
282
282
2367
905
3775
3776
2367
3777
3566
3778
2367
3779
3779
3780
3580
3779
3779
3779
3781
3779
3782
3604
3779
3781
3779
3779
3783
3779
3784
3606
3779
191
3779
3779
3779
3785
3781
3786
3787
3629
3785
3785
3785
3785
191
3788
3631
3785
3785
3785
3785
3789
3664
905
3790
3668
3791
3692
3792
3695
3793
3737
3794
3739
3795
3771
3796
3776
3797
3798
3799
3800
3801
3604
3802
3606
3803
3629
3804
3631
3805
3806
3807
3808
26
27
3809
3664
3810
3668
29
3811
3692
758
759
3812
3813
3814
3815
3816
3817
3818
3818
3819
3820
3820
3821
3822
3695
3823
3824
3806
3807
37
3825
3737
29
3826
3739
3819
3827
3816
3817
3828
3771
3818
3829
3819
2625
3830
3831
3818
3818
3832
3776
3833
3834
3835
3836
2625
3837
3816
3817
3838
3798
3839
3819
3840
26
27
3841
4
3842
3800
3843
3818
3818
3844
282
282
115
92
116
239
2625
3830
3845
3845
3846
3847
758
759
3848
3849
3850
3851
3852
3834
3835
37
3853
115
116
3854
3855
3823
92
3856
3857
3823
3629
3858
3820
3850
3851
3859
3631
3860
3823
3861
3820
3820
3862
3863
3864
4
3865
3664
3862
3866
3850
3851
3824
3867
3820
3820
3868
3668
3869
282
282
3870
3824
3871
3692
137
138
3862
3863
3872
3872
3873
137
3695
138
3874
3737
3875
3739
924
3876
3824
3877
3771
3878
4
3879
3776
3880
3881
3882
965
3883
3884
3885
3886
3887
939
3888
3889
3890
3891
3892
3893
3894
3895
3896
3897
3898
3899
3900
3901
3902
3903
3904
3905
3906
3907
3908
963
3909
965
267
3910
3884
269
3911
3886
3912
3889
3913
3891
3914
3915
3916
3917
3918
3897
3919
3899
3920
3901
3921
3922
3923
3924
3903
3925
90
91
3563
3926
3905
239
3927
3907
122
3567
3568
3928
3929
3930
3931
3932
3922
3923
100
3933
3934
963
3935
965
122
3936
3930
3931
3937
3884
3938
3939
3940
3941
3942
3943
3886
3938
3944
3930
3931
3945
26
27
3946
3947
3889
3948
46
47
3949
3950
3891
3938
3939
3951
3951
3952
46
47
3953
3915
3954
3955
3917
29
3956
3957
636
3958
3959
3954
3960
3961
3962
3963
3964
3965
3965
3966
3967
3968
3969
3941
3942
37
3970
3901
29
3971
3972
3903
3963
3964
3973
3974
3975
3905
3973
3976
3963
3964
3977
3907
115
116
3973
3974
3978
3978
3979
963
115
116
3980
965
1092
3981
3884
3982
3886
2544
3983
3889
2544
3965
2544
2544
3984
3965
3965
2544
2544
3985
3891
974
3986
3965
3965
2544
3987
282
282
2544
2544
3988
3915
2544
2544
3989
3917
2544
2544
2544
3990
3957
3991
3966
3991
3992
3969
3991
3993
3966
3991
3994
3995
3991
974
3996
3966
3997
4
3998
3999
4000
3905
135
4001
3907
4002
963
4003
965
4004
3884
4005
3886
4006
3889
4007
4008
3891
4009
3915
4010
2593
4011
3917
2593
2593
59
4012
3957
2593
2593
2593
4013
3969
2593
2593
4014
4015
3995
4014
4014
4016
4014
4014
4014
4017
3999
4014
4014
4018
4014
4019
4014
966
4020
4021
4022
963
4023
965
4024
3884
4025
3886
4026
3889
4027
3891
4028
3915
4029
3917
4030
3957
4031
4032
4033
4034
3969
4010
4035
26
27
4036
4037
4038
3995
92
758
759
4039
4040
4041
4042
4043
4032
4033
37
4044
4045
3999
4046
4019
92
4047
4021
80
4048
4041
4042
2625
4049
4050
4049
4051
4041
4042
2625
2625
2625
4052
4053
4054
4052
137
138
4049
4050
4055
4055
4056
4052
4057
137
138
4052
4058
3884
4052
4059
3886
4052
2646
4052
4060
3889
2646
4037
4052
4061
3891
4062
4063
3915
2646
958
2646
4064
3917
4052
2646
4065
3957
4052
2646
4066
3969
4052
2646
4067
3995
4052
2646
4068
3999
4052
422
423
2646
4069
4019
4052
4037
4070
4071
4072
4073
4074
4075
4076
4077
478
483
462
465
4078
2646
4079
4021
4080
422
423
2646
4081
4054
4080
4082
4072
4076
422
423
4082
4083
4084
4072
4073
4085
4057
4086
4076
4077
4080
4087
4088
4083
4070
4074
4089
4090
4080
422
423
4083
4091
4092
4093
4080
4094
4095
4096
4097
4098
4099
1023
4092
4100
4072
4073
4080
4101
4097
3889
4102
4076
4077
4083
496
4103
3891
4080
4083
4104
4105
4106
4107
4108
4108
4092
4093
4109
4110
3915
4080
4083
4080
4111
3917
496
4083
4080
4112
4106
4107
667
4113
3957
4083
4114
4115
4116
4117
4118
4119
4120
4120
4097
4098
4121
4080
4122
3969
4118
4123
4106
4107
4083
4124
4125
4126
4080
667
4108
4127
4108
4108
4128
3995
4083
4080
4129
90
91
46
47
4130
3999
4083
4131
4108
4108
4118
4119
4132
4132
4080
4133
4116
4117
1023
46
47
4134
282
282
4135
4019
122
4080
4136
4137
4136
4138
4116
4117
93
94
4139
4140
4141
4142
4143
4021
4144
4125
4126
100
4145
4083
4146
4147
4054
4148
4083
115
116
4149
4136
122
4137
4150
4150
4146
4151
4152
4057
4083
4153
4142
115
116
4143
4146
4083
4154
4155
4120
4146
4154
4156
4142
4143
4157
4120
4120
4158
4090
4083
4148
4149
4146
4151
1023
4159
4095
137
138
4146
4154
4155
4160
4160
4161
4120
4120
4162
282
282
4163
4164
137
138
4146
4146
958
4165
4166
4146
4167
3915
4146
4146
4168
4146
3917
4146
958
4169
3957
4170
3969
4171
3995
4172
4173
4174
4175
3999
4176
26
27
4177
4019
29
4178
4179
4021
758
759
4180
4181
4182
4183
4184
4173
4174
37
4185
1519
4186
4054
4187
29
4188
4057
4189
4182
4183
4052
4190
4191
4090
4052
4192
4182
4183
4193
4095
4194
4164
46
47
4052
4190
4195
4195
46
47
4196
4166
4197
4198
4199
4200
4201
3957
4202
3969
4203
3995
4204
3999
4205
4019
939
4206
4021
4207
4054
4208
4057
4209
4090
627
4210
4095
4211
4164
4212
4166
4213
4198
4214
4200
4215
4216
4217
4218
4219
3995
4220
3999
4221
4019
4222
4021
4223
4054
4224
4225
4226
4227
90
91
4228
4057
4229
4090
92
93
94
4230
4231
4232
4233
4234
4225
4226
100
4235
4236
4095
4237
4164
92
4238
4239
4166
4232
4233
4240
4241
4242
4198
4240
4243
4232
4233
4244
4200
115
116
4240
4241
4245
4245
4246
4216
115
116
4247
4218
4248
4249
4250
4251
4252
4019
4253
4021
4254
4255
4256
4257
4258
26
27
1538
4259
4054
1539
4260
4261
4262
4057
122
4263
167
758
759
4264
4265
4266
4267
4268
4269
4255
4257
37
4270
4271
4090
4272
4273
4274
4095
122
4275
4276
4266
4267
4277
4278
4279
4164
4280
4281
4282
4280
4283
4266
4267
163
4284
4166
4285
137
4286
138
4198
4280
4281
4287
4287
137
138
4288
4200
4289
4216
4290
4291
4218
4292
4293
4294
4249
4295
4296
4251
4297
4298
3781
4299
4300
191
4054
4301
3781
2026
4302
4303
4057
4304
4090
191
4305
4095
4306
4164
4307
4166
4308
4198
4309
4200
4310
4216
4311
4218
4312
4249
4313
4251
4314
4298
4315
4300
4316
4317
4318
4319
4320
4090
4321
4095
4322
4164
4323
4166
4324
4325
4326
4327
4198
858
4328
4200
4329
4216
4325
4330
4218
4062
4331
4249
4332
4251
4333
4334
4298
4333
4335
4336
4300
191
4337
4316
4333
4338
4339
4319
191
4340
4341
4342
4343
4344
4345
4346
4347
4344
4348
4349
4350
4351
4352
4164
4353
26
27
4354
422
423
4355
4356
4166
4340
4357
4325
4358
4359
478
483
4351
4360
4361
4362
4345
4363
4364
4365
4366
4198
4367
4368
4200
29
422
423
4369
4216
4370
4371
4372
4373
4374
4375
4375
4349
4350
37
4376
4358
4372
4377
4218
4378
4358
4359
29
4379
4249
4380
4381
4373
4374
4382
4383
4384
4251
4385
4386
4383
4387
4373
4388
4374
4358
4359
4385
4325
4389
4298
4390
4391
4392
4300
4375
4393
4375
4375
4394
4316
436
46
47
4395
4375
4375
4396
4319
4397
282
282
4385
4386
4398
4398
4399
4390
4400
4401
4402
4403
4404
4405
4406
4407
4408
46
47
4342
4409
4347
4383
454
2026
4410
4411
436
4412
4413
4414
4198
4415
4200
4416
4216
4417
4218
4418
4249
4419
4251
4420
4298
4421
4300
4422
4316
4423
4319
4424
4425
4426
4427
4342
239
4428
90
91
3563
4429
4347
92
4430
4411
3567
3568
4431
4432
4433
4434
4435
4425
4426
100
4436
4437
4413
4438
92
4439
4440
4433
4434
4441
4442
4443
4444
4443
4445
4433
4434
4446
4216
257
115
116
4447
4443
4444
4448
4448
4218
115
116
4449
4249
4450
4251
4451
4298
4452
4300
4453
4316
4454
4319
4455
4342
4456
4347
4457
4411
4458
4413
4459
4439
4460
4442
1030
4461
4462
4463
4464
26
27
4465
4466
4467
4468
122
4469
758
759
4470
4471
4472
4473
4474
4462
4463
37
4475
4476
4249
122
4477
4472
4473
4478
4251
4479
4480
4481
4298
4479
4482
4472
4473
4483
4300
137
138
4479
4480
4484
4484
4485
4316
4486
4487
137
138
4488
4489
4319
4490
4342
4491
4347
4492
4411
4493
4413
4494
4439
4495
4442
4496
4466
4497
4468
4498
4499
4500
4501
4502
4298
4503
4300
4504
4316
4505
4319
4506
4342
4507
4347
4508
4509
4510
4511
90
91
4512
4513
4411
3563
4514
4413
29
4515
4439
3567
3568
4516
4517
4518
4519
4520
4521
4522
4523
4524
4524
4525
4526
4527
4442
279
4509
4510
100
4528
4466
29
284
4529
4520
4521
4530
4531
4532
4468
295
4530
4533
4520
4521
239
4534
4499
46
47
4530
4531
4535
4535
4536
4501
4524
46
47
296
4537
4524
4524
4538
4539
4522
4540
4524
4524
4541
4542
4543
282
282
4544
4522
4545
4316
627
4546
4522
4547
4
4548
4319
4549
4342
4550
4347
4551
4411
4523
4552
4413
4553
4523
1714
4554
4555
4439
4523
3152
4556
4
4557
4558
4559
4560
26
27
4561
4442
4562
4466
92
4563
4468
758
759
4564
4565
4566
4567
4568
4569
4570
4570
4571
4572
4572
4573
4574
4575
4499
4576
4577
4558
4559
37
4578
4579
4580
4501
92
4581
4539
4582
4568
4569
4583
4584
4585
4586
4542
4587
4588
4589
4590
26
4591
27
4587
4592
4568
4569
4570
4593
4594
4595
4570
4570
115
116
122
4587
4588
4596
4596
4597
4342
4598
4570
4570
115
116
4599
282
282
758
759
4600
4601
4602
4603
4604
4605
4606
4606
4607
4608
4608
4609
4610
4347
4611
4411
4571
4612
4571
4613
4614
4584
4585
37
4615
4413
122
4616
4604
4605
4617
4618
4571
4619
4620
4439
4621
4
4080
4622
4572
4623
4572
4572
4080
4624
4604
4605
4625
4572
4572
4626
282
282
4627
4442
137
138
4606
4080
4622
4628
4628
4629
4466
4630
4606
4606
137